v2.0 raw
00002040 00008082 00002040 00008102 40000200 80000000 00000000 00000000
00000000 00000000 00000000 00000000 00000000 00000000 00000000 00000000
00060400 000a0800 00300000 02010400 80000000 00000000 00000000 00000000
00060400 00081000 00300000 02010400 80000000 00000000 00000000 00000000
00060400 000a0800 00500000 02010400 80000000 00000000 00000000 00000000
00060400 00081000 00500000 02010400 80000000 00000000 00000000 00000000
00060400 02010400 80000000 00000000 00000000 00000000 00000000 00000000
00060400 00081000 02010400 80000000 00000000 00000000 00000000 00000000
00060400 000a0800 00a00000 02010400 80000000 00000000 00000000 00000000
00060400 00081000 00a00000 02010400 80000000 00000000 00000000 00000000
00060400 000a0800 00c00000 02010400 80000000 00000000 00000000 00000000
00060400 00081000 00c00000 02010400 80000000 00000000 00000000 00000000
00060400 000a0800 00f00000 02010400 80000000 00000000 00000000 00000000
00060400 00081000 00f00000 02010400 80000000 00000000 00000000 00000000
00060400 000a0800 01f00000 02010400 80000000 00000000 00000000 00000000
00060400 00081000 01f00000 02010400 80000000 00000000 00000000 00000000
00060400 000a0800 01300000 02010400 80000000 00000000 00000000 00000000
00060400 00081000 01300000 02010400 80000000 00000000 00000000 00000000
00060400 000a0800 00500000 80000000 00000000 00000000 00000000 00000000
00060400 00081000 00500000 80000000 00000000 00000000 00000000 00000000
00060400 03480000 02210800 80000000 00000000 00000000 00000000 00000000
00011400 80000000 00000000 00000000 00000000 00000000 00000000 00000000
00003000 00024400 80000000 00000000 00000000 00000000 00000000 00000000
00003000 00018400 80000000 00000000 00000000 00000000 00000000 00000000
80000000 00001001 80000000 00000000 00000000 00000000 00000000 00000000
80000000 00001001 80000000 00000000 00000000 00000000 00000000 00000000
80000000 00001001 80000000 00000000 00000000 00000000 00000000 00000000
00001001 80000000 00000000 00000000 00000000 00000000 00000000 00000000
00000004 00000008 00001001 80000000 00000000 00000000 00000000 00000000
00000020 00000011 80000000 00000000 00000000 00000000 00000000 00000000
00043000 08608000 02042000 04608000 02002000 10008000 80000000 00000000
00003000 20004000 80000000 00000000 00000000 00000000 00000000 00000000
